324
3  120   180   1   90   1
H       -1.5470000000      9.3774303991     -1.2164436320                 
O       -1.4400000000      8.8959852089     -0.4005897690                 
P        0.0000000000      8.9100000000      0.0000000000                 
O        0.2200000000     10.1745704285      0.7338375807                 
O        0.7900000000      8.7334600256     -1.2396438927                 
O        0.2500000000      7.6687203973      0.9714048939                 
C       -0.6900000000      7.4240500604      2.0466757685                 
C        0.0400000000      6.8605856329      3.2466081952                 
O        0.2500000000      5.4293435821      3.0369506529                 
C        1.4400000000      7.4128672959      3.5079622936                 
O        1.8300000000      7.2707309421      4.8681589505                 
C        2.3200000000      6.5273016396      2.6374103409                 
C        1.6100000000      5.1841952018      2.7319809864                 
N        1.6600000000      4.3876228633      1.4783996785                 
C        1.5800000000      4.8365059405      0.1838757398                 
N        1.6500000000      3.8875891468     -0.6993930407                 
C        1.8000000000      2.7403956317      0.0575567694                 
C        1.9300000000      1.3790235898     -0.2939284588                 
N        1.9400000000      0.9380214830     -1.5479714783                 
N        2.0500000000      0.4918171930      0.7054897934                 
C        2.0400000000      0.9317353314      1.9597880682                 
N        1.9200000000      2.1601658311      2.4148050816                 
C        1.8000000000      3.0254662534      1.3912059334                 
H       -1.1780000000      8.3689929913      2.3251994133                 
H       -1.4500000000      6.7039050458      1.7117879941                 
H       -0.5820000000      7.0363770238      4.1321905062                 
H        2.0730000000      4.5993123136      3.5401613299                 
H        2.3530000000      6.8899536063      1.5987083234                 
H        3.3440000000      6.4683959156      3.0372965412                 
H        1.5100000000      8.4700194880      3.2074941734                 
H        1.4690000000      5.8885023865     -0.0765548437                 
H        1.8500000000      1.6027624791     -2.3287510463                 
H        2.0390000000     -0.0699355479     -1.7385939777                 
H        2.1470000000      0.1655071924      2.7189673351                 
P        3.3799800000      7.3617874792      5.0191817173                 
O        3.5999800000      7.9916720234      6.3366220710                 
O        4.1699800000      7.9124451680      3.8946081270                 
O        3.6299800000      5.7889822804      5.1225564084                 
C        2.6899800000      4.9804576969      5.8723965405                 
C        3.4199800000      3.8396023474      6.5471790730                 
O        3.6299800000      2.7747128732      5.5668095415                 
C        4.8199800000      4.1481869893      7.0733686954                 
O        5.2099800000      3.2650282394      8.1180102609                 
C        5.6999800000      3.9074035599      5.8560906260                 
C        4.9899800000      2.7444034015      5.1776297637                 
N        5.0399800000      2.7924119440      3.6931471044                 
C        4.9599800000      3.8842131646      2.8523059254                 
N        5.0399800000      3.5866257012      1.5819342842                 
C        5.1799800000      2.1984149077      1.5674730918                 
C        5.3099800000      1.3045810757      0.4797584985                 
O        5.3299800000      1.5472371640     -0.7257672894                 
N        5.4299800000     -0.0263105042      0.9196237042                 
C        5.4299800000     -0.4274683946      2.2395693273                 
N        5.5599800000     -1.7381255202      2.4574416933                 
N        5.2999800000      0.4114781498      3.2641669278                 
C        5.1799800000      1.7046345273      2.8606155157                 
H        2.2009800000      5.6043097568      6.6348275901                 
H        1.9309800000      4.5734194052      5.1892893487                 
H        2.7979800000      3.4855545282      7.3770041772                 
H        5.4529800000      1.8000592827      5.5167558926                 
H        5.7319800000      4.7914848283      5.2014283750                 
H        6.7239800000      3.6329609872      6.1524482497                 
H        4.8899800000      5.1908395228      7.4206685042                 
H        4.8409800000      4.9045718855      3.2161156104                 
H        5.5229800000     -0.7364053008      0.2215135052                 
H        5.5599800000     -2.1045949813      3.4203707350                 
H        5.6609800000     -2.3865410721      1.6615913190                 
P        6.7599600000      3.2551885271      8.2940851004                 
O        6.9799600000      3.0337804138      9.7383867453                 
O        7.5499600000      4.3441506553      7.6759856099                 
O        7.0099600000      1.8974428505      7.4935045626                 
C        6.0699600000      0.8070085029      7.6575934390                 
C        6.7999600000     -0.5157289581      7.5724582298                 
O        7.0099600000     -0.8433201108      6.1625653093                 
C        8.1999600000     -0.5571775305      8.1810484169                 
O        8.5899600000     -1.8753450809      8.5466707452                 
C        9.0799600000     -0.0704049834      7.0396479414                 
C        8.3699600000     -0.6491301965      5.8239359533                 
N        8.4199600000      0.2267262012      4.6234441956                 
C        8.5699600000     -0.3766284416      3.3790754678                 
O        8.6599600000     -1.6116678091      3.3194317094                 
N        8.6199600000      0.6030397365      2.2309334540                 
C        8.5199600000      1.7368312482      2.3721334734                 
N        8.5699600000      2.4559643734      1.2593009953                 
C        8.3699600000      2.3839009428      3.6386146120                 
C        8.3199600000      1.5791532214      4.7335372718                 
H        5.5799600000      0.8928637440      8.6379772131                 
H        5.3109600000      0.8553819849      6.8628986339                 
H        6.1779600000     -1.2758704769      8.0596373694                 
H        8.8329600000     -1.6148474979      5.5737847607                 
H        9.1119600000      1.0289870984      6.9977506780                 
H       10.1039600000     -0.4641042721      7.1299110951                 
H        8.2699600000      0.1086614723      9.0553480709                 
H        8.1979600000      2.0232611857      5.7196943253                 
H        8.2999600000      3.4674931170      3.7221043085                 
H        8.6879600000      1.9875993215      0.3489597929                 
H        8.4909600000      3.4812372452      1.3055693173                 
P       10.1399400000     -1.9826615216      8.6866076975                 
O       10.3599400000     -2.9792015762      9.7552220871                 
O       10.9299400000     -0.7347309466      8.7893441414                 
O       10.3899400000     -2.6535005701      7.2602916418                 
C        9.4499400000     -3.6464206418      6.7807239660                 
C       10.1799400000     -4.6918328719      5.9661381397                 
O       10.3899400000     -4.1682804225      4.6166912740                 
C       11.5799400000     -5.0689103491      6.4456301377                 
O       11.9699400000     -6.3639938816      6.0051712611                 
C       12.4599400000     -4.0237462142      5.7767695474                 
C       11.7499400000     -3.8170764773      4.4462936438                 
N       11.7999400000     -2.4171488742      3.9477882821                 
C       11.9499400000     -2.2328989883      2.5904752668                 
O       12.0399400000     -3.1599521200      1.8067381102                 
N       11.9899400000     -0.9155470453      2.1751720870                 
C       11.8999400000      0.1983228734      2.9733933540                 
O       11.9499400000      1.3336310799      2.4847189263                 
C       11.7499400000     -0.0893435048      4.3790886881                 
C       11.6399400000      1.0971505784      5.2873680228                 
C       11.6999400000     -1.3623762155      4.8212063892                 
H        8.9599400000     -4.1287025630      7.6408795401                 
H        8.6909400000     -3.1592586942      6.1522467850                 
H        9.5579400000     -5.5936434704      5.9397334727                 
H       12.2129400000     -4.4733033791      3.6949642595                 
H       12.4919400000     -3.0917842793      6.3614620152                 
H       13.4839400000     -4.3998828770      5.6295697587                 
H       11.6499400000     -5.0112788793      7.5430908780                 
H       11.5789400000     -1.5559434340      5.8868464419                 
H       12.6089400000      1.2774054814      5.7774669394                 
H       10.8719400000      0.9056477000      6.0495860390                 
H       11.3599400000      1.9845459382      4.6991252823                 
H       12.0959400000     -0.7587485428      1.1931876000                 
P       13.5199200000     -6.5314921780      6.0603390935                 
O       13.7399200000     -7.9568441313      6.3818987356                 
O       14.3099200000     -5.5582770489      6.8482082509                 
O       13.7699200000     -6.2822929679      4.5039643721                 
C       12.8299200000     -6.8325319399      3.5483951710                 
C       13.5599200000     -7.2374195247      2.2864510981                 
O       13.7699200000     -6.0446697038      1.4664133700                 
C       14.9599200000     -7.8190830174      2.4702106725                 
O       15.3499200000     -8.6410119280      1.3767399395                 
C       15.8399200000     -6.5787452971      2.5063340393                 
C       15.1299200000     -5.6585029836      1.5234644677                 
N       15.1799200000     -4.2210104474      1.9001873073                 
C       15.3299200000     -3.3041744010      0.8825143216                 
O       15.4199200000     -3.6286467837     -0.2872673300                 
N       15.3699200000     -1.9817785348      1.2814655044                 
C       15.2799200000     -1.5111100691      2.5684521329                 
O       15.3299200000     -0.2977943010      2.8042322576                 
C       15.1299200000     -2.5406475619      3.5678438820                 
C       15.0199200000     -2.0719721125      4.9866754020                 
C       15.0799200000     -3.8415303175      3.2160138090                 
H       12.3399200000     -7.7155548513      3.9874099784                 
H       12.0709200000     -6.0759860473      3.3035510519                 
H       12.9379200000     -7.9676561296      1.7566265397                 
H       15.5929200000     -5.7774641823      0.5330212217                 
H       15.8719200000     -6.1380912051      3.5144224786                 
H       16.8639200000     -6.8066033988      2.1728265396                 
H       15.0299200000     -8.3896873104      3.4094402523                 
H       14.9589200000     -4.6017594753      3.9874466431                 
H       15.9889200000     -2.1991210725      5.4931553326                 
H       14.2519200000     -2.6595719131      5.5085720689                 
H       14.7399200000     -1.0074027233      5.0005340468                 
H       15.4759200000     -1.2990539741      0.5584395869                 
H       15.2189200000     -8.1620937876      0.5558650944                 
H       19.2409200000      8.5912467443     -4.0803921845                 
O       19.1209200000      7.7208356721     -4.4350775105                 
P       17.6799200000      7.5185715192     -4.7811277238                 
O       17.4599200000      8.1910784617     -6.0783413555                 
O       16.8899200000      8.0338859406     -3.6399281165                 
O       17.4299200000      5.9498778786     -4.9347596932                 
C       18.3699200000      5.1653651213     -5.7117776710                 
C       17.6399200000      4.0458757610     -6.4217590523                 
O       17.4299200000      2.9503468931     -5.4757513832                 
C       16.2399200000      4.3779740537     -6.9334942983                 
O       15.8499200000      3.5215483818     -8.0100684763                 
C       15.3599200000      4.0916644532     -5.7288639365                 
C       16.0699200000      2.9076759276     -5.0877323731                 
N       16.0199200000      2.9120511934     -3.5995635634                 
C       16.0999200000      3.9825457261     -2.7504416990                 
N       16.0299200000      3.6557805269     -1.4959173571                 
C       15.8799200000      2.2807247772     -1.5185172013                 
C       15.7499200000      1.3213913568     -0.4919602444                 
N       15.7399200000      1.6221808032      0.8028881876                 
N       15.6299200000      0.0362858883     -0.8592341557                 
C       15.6399200000     -0.2657950910     -2.1536603654                 
N       15.7599200000      0.5264412365     -3.1969453584                 
C       15.8799200000      1.8059519737     -2.7977557915                 
H       18.8589200000      5.8131472245     -6.4539844551                 
H       19.1309200000      4.7418618650     -5.0372085576                 
H       18.2629200000      3.7183974014     -7.2624239594                 
H       15.6079200000      1.9800502122     -5.4547419881                 
H       15.3279200000      4.9544787467     -5.0464169812                 
H       14.3369200000      3.8267855634     -6.0337995701                 
H       16.1709200000      5.4242084525     -7.2518341586                 
H       16.2119200000      5.0100050302     -3.0951850667                 
H       15.8309200000      2.6020808661      1.1050358214                 
H       15.6419200000      0.8744219438      1.5054790813                 
H       15.5339200000     -1.3197853047     -2.3829273488                 
P       14.2999400000      3.5188301696     -8.1857152551                 
O       14.0799400000      3.3437350233     -9.6363601061                 
O       13.5099400000      4.5874635547     -7.5330988401                 
O       14.0499400000      2.1361706889     -7.4289753525                 
C       14.9899400000      1.0502660175     -7.6290459621                 
C       14.2599400000     -0.2746462524     -7.5850292970                 
O       14.0499400000     -0.6469095864     -6.1862676944                 
C       12.8599400000     -0.2885244946     -8.1949224289                 
O       12.4699400000     -1.6025924204     -8.6019879989                 
C       11.9799400000      0.1535078574     -7.0383261744                 
C       12.6899400000     -0.4635871012     -5.8416339323                 
N       12.6399400000      0.3783432533     -4.6145158340                 
C       12.7199400000      1.7411547217     -4.5159694679                 
N       12.6499400000      2.1778673692     -3.2953594223                 
C       12.4999400000      1.0290120464     -2.5394358051                 
C       12.3699400000      0.8146537016     -1.1508428852                 
N       12.3599400000      1.7925916990     -0.2504296322                 
N       12.2499400000     -0.4540430266     -0.7303731444                 
C       12.2599400000     -1.4328102923     -1.6297099945                 
N       12.3799400000     -1.3659372829     -2.9379951224                 
C       12.4999400000     -0.0838844097     -3.3289432867                 
H       15.4789400000      1.1673887397     -8.6071946377                 
H       15.7509400000      1.0803495182     -6.8331229258                 
H       14.8829400000     -1.0187849751     -8.0951441108                 
H       12.2279400000     -1.4367713130     -5.6223213350                 
H       11.9479400000      1.2508345402     -6.9605026365                 
H       10.9569400000     -0.2371217107     -7.1410642270                 
H       12.7909400000      0.3965877042     -9.0473119872                 
H       12.8319400000      2.3958805840     -5.3795982403                 
H       12.4509400000      2.7724289485     -0.5527809019                 
H       12.2619400000      1.5705478786      0.7513057707                 
H       12.1539400000     -2.4328085650     -1.2254054375                 
P       10.9199600000     -1.7037836664     -8.7455829547                 
O       10.6999600000     -2.6656314072     -9.8455273704                 
O       10.1299600000     -0.4532054114     -8.8083485884                 
O       10.6699600000     -2.4199037752     -7.3414552862                 
C       11.6099600000     -3.4298241074     -6.8950494989                 
C       10.8799600000     -4.4997225270     -6.1123315666                 
O       10.6699600000     -4.0193504606     -4.7469170917                 
C        9.4799600000     -4.8547543033     -6.6084310282                 
O        9.0899600000     -6.1697963762     -6.2045235656                 
C        8.5999600000     -3.8379961653     -5.9018120467                 
C        9.3099600000     -3.6737432043     -4.5654365475                 
N        9.2599600000     -2.2908721378     -4.0235313902                 
C        9.3399600000     -1.0866763670     -4.6959061398                 
N        9.2599600000     -0.0368728258     -3.9198265771                 
C        9.1199600000     -0.5718338604     -2.6387508477                 
C        8.9899600000      0.0744057798     -1.3870056885                 
O        8.9699600000      1.2785691586     -1.1355002892                 
N        8.8699600000     -0.8549827797     -0.3397122995                 
C        8.8699600000     -2.2274049076     -0.4915570950                 
N        8.7399600000     -2.9440013382      0.6268621227                 
N        8.9999600000     -2.8349617528     -1.6694585529                 
C        9.1199600000     -1.9526700594     -2.6974023873                 
H       12.0989600000     -3.8840635416     -7.7692114403                 
H       12.3709600000     -2.9628614359     -6.2514139290                 
H       11.5029600000     -5.4019166997     -6.1146199367                 
H        8.8479600000     -4.3550328998     -3.8366788296                 
H        8.5679600000     -2.8879110527     -6.4565702003                 
H        7.5769600000     -4.2192142968     -5.7674558271                 
H        9.4109600000     -4.7693827716     -7.6994958911                 
H        9.4599600000     -1.0178896959     -5.7770110409                 
H        8.7779600000     -0.4941720519      0.5878928330                 
H        8.7409600000     -3.9733928745      0.5834424262                 
H        8.6399600000     -2.4670573290      1.5357291869                 
P        7.5399800000     -6.3342944261     -6.2661642273                 
O        7.3199800000     -7.7486310766     -6.6331528279                 
O        6.7499800000     -5.3363753219     -7.0224994428                 
O        7.2899800000     -6.1358010093     -4.7032230411                 
C        8.2299800000     -6.7179733507     -3.7648685315                 
C        7.4999800000     -7.1594683092     -2.5229535331                 
O        7.2899800000     -5.9959406324     -1.6581727692                 
C        6.0999800000     -7.7338479957     -2.7253614769                 
O        5.7099800000     -8.5938396118     -1.6510365615                 
C        5.2199800000     -6.4957103523     -2.7142857291                 
C        5.9299800000     -5.6071910633     -1.7026474621                 
N        5.8799800000     -4.1593433236     -2.0339034186                 
C        5.7299800000     -3.2533190469     -0.9878841930                 
O        5.6399800000     -3.6860636720      0.1703954393                 
N        5.6799800000     -1.8106405937     -1.4344617947                 
C        5.7799800000     -1.4933776615     -2.5324737235                 
N        5.7299800000     -0.1897521986     -2.7534694665                 
C        5.9299800000     -2.4013603342     -3.6271157336                 
C        5.9799800000     -3.7284155634     -3.3164766525                 
H        8.7199800000     -7.5848432129     -4.2307657033                 
H        8.9899800000     -5.9695778587     -3.4961213064                 
H        8.1229800000     -7.9087302978     -2.0093742998                 
H        5.4679800000     -5.7595751863     -0.7167354277                 
H        5.1879800000     -6.0232195887     -3.7078504267                 
H        4.1969800000     -6.7350020006     -2.3885275909                 
H        6.0309800000     -8.2770154665     -3.6745273120                 
H        6.1029800000     -4.4556988318     -4.1176737268                 
H        6.0009800000     -2.0505227227     -4.6565116304                 
H        5.6129800000      0.4626353181     -1.9652810391                 
H        5.8089800000      0.1754056082     -3.7138601041                 
P        4.1600000000     -8.7634956591     -1.6091127469                 
O        3.9400000000    -10.1388074795     -1.1156087544                 
O        3.3700000000     -8.3650349991     -2.7961740761                 
O        3.9100000000     -7.7180581268     -0.4295098960                 
C        4.8500000000     -7.6694836945      0.6735138157                 
C        4.1200000000     -7.3337422357      1.9555881007                 
O        3.9100000000     -5.8872141222      2.0072642775                 
C        2.7200000000     -7.9221808420      2.1124989246                 
O        2.3300000000     -8.0297078383      3.4765344859                 
C        1.8400000000     -6.8950398061      1.4163146093                 
C        2.5500000000     -5.5910598700      1.7515508927                 
N        2.5000000000     -4.5813596133      0.6624085552                 
C        2.3500000000     -3.2605936793      1.0286349491                 
O        2.2600000000     -2.9074257001      2.1900857970                 
N        2.3100000000     -2.3599487137     -0.0155585498                 
C        2.4000000000     -2.6524751339     -1.3560297431                 
O        2.3500000000     -1.7560471763     -2.2065127044                 
C        2.5500000000     -4.0574749616     -1.6469784260                 
C        2.6600000000     -4.4234458462     -3.0955335316                 
C        2.6000000000     -4.9673393061     -0.6524110804                 
H        5.3410000000     -8.6491707520      0.7769821771                 
H        5.6100000000     -6.8997366536      0.4740148852                 
H        4.7430000000     -7.6654809626      2.7945809368                 
H        2.0880000000     -5.1607568274      2.6513756748                 
H        1.8090000000     -7.0643251733      0.3293840407                 
H        0.8170000000     -6.9082912870      1.8199581022                 
H        2.6510000000     -8.9077423154      1.6263922781                 
H        2.7220000000     -6.0218110316     -0.8952853736                 
H        1.6920000000     -4.8025245010     -3.4546800745                 
H        3.4290000000     -5.2001535664     -3.2211941708                 
H        2.9410000000     -3.5326879433     -3.6783305853                 
H        2.2050000000     -1.3955788219      0.2274989054                 
H        1.6130000000     -8.6632229693      3.5569358701                 
TESTES
